9.999999999999998890e-01 2.239657283072146454e-01 3.130870294677782772e-01 3.369754198624396180e-01 4.401133513349501092e-01 3.264229259753778090e-01 4.363997521417233849e-01 4.600277562206361859e-01 4.208746875503789342e-01 3.232739980632141630e-01 3.162421229169216086e-01 3.285990763099208012e-01
2.239657283072146454e-01 1.000000000000000222e+00 3.609956880516225208e-01 2.772906800947383954e-01 2.325446482377920010e-01 3.242840668118895375e-01 2.627864141573791334e-01 2.557139501241817992e-01 3.589892009172733212e-01 4.777550632178912959e-01 3.499143160783972917e-01 2.714438319627275886e-01
3.130870294677782772e-01 3.609956880516225208e-01 9.999999999999997780e-01 3.342122209555348222e-01 3.471111526821565318e-01 7.022794477024999482e-01 4.213663169841449507e-01 3.839562527454524754e-01 3.433923526561297179e-01 3.148748071701699680e-01 3.163172614446314035e-01 2.546957734468133228e-01
3.369754198624396180e-01 2.772906800947383954e-01 3.342122209555348222e-01 1.000000000000000000e+00 2.876680600589996972e-01 3.534636681962944338e-01 2.750800393549620027e-01 2.977475141408544301e-01 3.429465032861677143e-01 2.798967265492949830e-01 2.910312910860722302e-01 2.544765520006299631e-01
4.401133513349501092e-01 2.325446482377920010e-01 3.471111526821565318e-01 2.876680600589996972e-01 1.000000000000000000e+00 2.660986173668518640e-01 2.759790926627327390e-01 2.901355708188476656e-01 3.514222012731704758e-01 2.859908055815735262e-01 2.770935374912635307e-01 2.737765908639150370e-01
3.264229259753778090e-01 3.242840668118895375e-01 7.022794477024999482e-01 3.534636681962944338e-01 2.660986173668518640e-01 1.000000000000000222e+00 4.577973436650711880e-01 3.774384791230646630e-01 3.019882527630661784e-01 2.912319841562702183e-01 3.055879839318925151e-01 2.578618595926737700e-01
4.363997521417233849e-01 2.627864141573791334e-01 4.213663169841449507e-01 2.750800393549620027e-01 2.759790926627327390e-01 4.577973436650711880e-01 1.000000000000000000e+00 4.583041162444698724e-01 3.272044282979715835e-01 4.273202151035308538e-01 2.694161612614769941e-01 2.361054938215017274e-01
4.600277562206361859e-01 2.557139501241817992e-01 3.839562527454524754e-01 2.977475141408544301e-01 2.901355708188476656e-01 3.774384791230646630e-01 4.583041162444698724e-01 1.000000000000000000e+00 3.694241051374700380e-01 4.110343377959697064e-01 3.093412653202008422e-01 2.676033675356918051e-01
4.208746875503789342e-01 3.589892009172733212e-01 3.433923526561297179e-01 3.429465032861677143e-01 3.514222012731704758e-01 3.019882527630661784e-01 3.272044282979715835e-01 3.694241051374700380e-01 9.999999999999997780e-01 3.901727539224989494e-01 5.409634669081732072e-01 4.483898146815595287e-01
3.232739980632141630e-01 4.777550632178912959e-01 3.148748071701699680e-01 2.798967265492949830e-01 2.859908055815735262e-01 2.912319841562702183e-01 4.273202151035308538e-01 4.110343377959697064e-01 3.901727539224989494e-01 1.000000000000000000e+00 4.637210677258191693e-01 3.519966856310621228e-01
3.162421229169216086e-01 3.499143160783972917e-01 3.163172614446314035e-01 2.910312910860722302e-01 2.770935374912635307e-01 3.055879839318925151e-01 2.694161612614769941e-01 3.093412653202008422e-01 5.409634669081732072e-01 4.637210677258191693e-01 9.999999999999998890e-01 4.671131300402660558e-01
3.285990763099208012e-01 2.714438319627275886e-01 2.546957734468133228e-01 2.544765520006299631e-01 2.737765908639150370e-01 2.578618595926737700e-01 2.361054938215017274e-01 2.676033675356918051e-01 4.483898146815595287e-01 3.519966856310621228e-01 4.671131300402660558e-01 1.000000000000000222e+00
